43.54
44.39
44.25
31.619999999999997
26.27
26.88
26.21
31.790000000000003
26.700000000000003
27.54
27.07
33.36
27.650000000000002
27.800000000000004
28.43
33.46
28.65
28.79
28.860000000000003
33.81
28.48
28.02
28.59
34.2
30.990000000000002
29.65
30.049999999999997
36.309999999999995
30.78
32.39
30.520000000000003
37.37
32.690000000000005
32.82
32.300000000000004
39.32
34.92
34.48
35.78
41.48
36.620000000000005
37.89
37.01
44.1
39.48
39.39
40.08
46.07
42.61
42.24
41.6
43.76
44.78
27.250000000000004
31.0
26.93
26.450000000000003
26.740000000000002
31.55
26.889999999999997
27.089999999999996
28.720000000000002
32.26
28.9
28.18
28.59
33.800000000000004
29.24
29.07
28.749999999999996
33.86
28.51
28.46
30.85
34.4
30.09
30.86
31.929999999999996
35.89
30.9
31.240000000000002
32.95
37.74
33.68
33.14
35.66
38.57
34.23
34.93
36.61
41.199999999999996
36.99
36.84
39.410000000000004
43.26
39.7
39.39
42.199999999999996
45.79
42.41
42.14
43.62
25.97
25.919999999999998
31.03
26.96
27.33
27.47
32.85
26.63
28.57
27.96
32.92
27.389999999999997
28.73
28.999999999999996
32.85
28.849999999999998
28.110000000000003
28.79
34.21
28.660000000000004
29.68
29.909999999999997
34.1
30.080000000000002
30.81
30.490000000000002
34.69
30.599999999999998
33.14
32.67
37.81
32.18
34.510000000000005
34.949999999999996
39.22
34.62
37.55
37.65
41.410000000000004
36.47
38.62
38.83
44.54
38.279999999999994
42.66
42.199999999999996
46.800000000000004
42.0
26.5
25.4
26.77
31.840000000000003
27.279999999999998
28.09
26.99
33.17
28.610000000000003
28.389999999999997
27.93
32.28
28.939999999999998
29.18
28.38
33.660000000000004
29.15
27.99
28.389999999999997
33.57
29.92
29.330000000000002
29.92
34.449999999999996
31.45
31.919999999999998
31.22
36.42
32.71
32.79
33.129999999999995
36.94
34.510000000000005
33.78
35.13
39.269999999999996
36.03
37.41
36.67
41.8
39.44
39.6
38.96
43.49
42.059999999999995
41.55
42.69
46.02
46.42
47.24
46.06
33.98
30.12
28.720000000000002
28.73
34.47
29.84
29.81
30.06
35.089999999999996
31.369999999999997
31.009999999999998
30.599999999999998
34.55
30.470000000000002
30.39
30.509999999999998
34.75
30.630000000000003
30.8
30.64
36.05
32.67
31.64
31.619999999999997
38.41
33.97
34.22
33.37
38.99
34.760000000000005
34.88
34.699999999999996
41.69
37.96
36.18
38.47
44.64
40.48
40.21
40.68
47.449999999999996
44.190000000000005
43.28
42.809999999999995
46.53
46.339999999999996
28.999999999999996
34.67
29.099999999999998
29.43
29.03
34.42
30.470000000000002
28.95
30.509999999999998
35.699999999999996
30.740000000000002
30.14
30.349999999999998
34.57
30.459999999999997
29.310000000000002
30.270000000000003
35.97
30.17
30.73
32.61
35.56
31.71
31.55
33.51
37.96
33.26
33.22
35.589999999999996
39.57
34.599999999999994
35.68
38.42
41.22
37.31
37.580000000000005
39.93
43.830000000000005
41.02
40.37
43.91
47.25
42.91
42.59
46.57
28.43
28.999999999999996
34.04
28.110000000000003
30.080000000000002
29.79
33.64
29.439999999999998
30.12
31.369999999999997
34.72
29.880000000000003
29.49
30.65
35.04
31.540000000000003
30.5
30.470000000000002
34.699999999999996
30.85
32.22
32.1
37.3
31.78
33.85
34.01
38.35
33.44
34.89
35.589999999999996
39.06
35.28
38.14
37.39
41.77
37.69
39.379999999999995
40.26
43.44
40.14
42.8
42.449999999999996
47.339999999999996
43.19
28.42
29.909999999999997
28.999999999999996
33.2
30.98
30.09
29.38
34.57
30.17
31.759999999999998
31.05
34.99
29.880000000000003
30.81
29.84
35.120000000000005
30.61
30.42
30.4
34.77
32.05
32.019999999999996
32.53
36.39
33.51
33.7
33.71
37.89
35.17
35.35
35.32
40.46
37.330000000000005
37.14
37.22
42.22
39.97
40.410000000000004
40.21
43.79
43.419999999999995
42.95
43.93
46.14
47.86
48.64
49.74
36.27
30.259999999999998
31.8
31.41
36.88
32.66
32.17
33.48
36.78
32.68
32.129999999999995
31.990000000000002
36.59
32.25
32.300000000000004
32.23
36.370000000000005
32.31
32.57
31.8
38.81
34.63
34.73
34.82
40.56
36.809999999999995
36.9
36.63
42.66
38.080000000000005
38.06
38.7
45.69
41.370000000000005
40.68
41.54
47.199999999999996
45.379999999999995
44.7
43.97
49.830000000000005
48.97
31.45
36.059999999999995
32.47
31.290000000000003
32.11
36.32
32.68
31.580000000000002
31.269999999999996
36.25
32.43
32.550000000000004
31.8
36.55
32.81
32.129999999999995
31.979999999999997
36.66
32.15
33.0
34.01
39.23
34.14
34.5
36.04
40.65
36.01
35.9
37.8
43.059999999999995
38.39
38.33
40.65
45.73
41.53
40.29
42.67
47.36
44.5
43.65
48.74
31.009999999999998
30.98
35.82
32.21
32.800000000000004
32.29
36.38
32.96
31.64
31.569999999999997
36.55
32.51
32.11
32.04
36.95
32.41
33.03
32.82
37.34
32.92
34.03
34.5
38.26
34.57
36.6
36.7
40.67
35.93
38.690000000000005
37.55
43.03
38.26
41.43
41.27
46.2
40.87
44.080000000000005
44.629999999999995
47.46
43.64
31.77
31.09
31.97
35.93
32.35
32.9
32.47
36.76
32.39
33.21
32.11
36.41
31.740000000000002
32.53
32.29
36.36
32.92
33.44
32.11
37.63
34.21
34.37
34.160000000000004
39.300000000000004
36.309999999999995
36.57
35.8
41.39
39.21
38.54
38.07
42.8
41.27
41.17
40.73
44.45
44.7
43.84
43.62
47.15
51.190000000000005
51.449999999999996
51.66
39.03
34.29
34.55
34.57
38.82
34.18
35.120000000000005
33.81
38.95
34.150000000000006
34.38
34.64
37.88
34.75
35.46
34.849999999999994
38.629999999999995
35.08
35.23
35.42
41.54
36.9
37.45
37.69
43.059999999999995
39.050000000000004
38.43
39.519999999999996
45.71
41.43
41.760000000000005
41.120000000000005
48.699999999999996
44.690000000000005
44.83
45.92
51.5
51.82
33.37
38.37
33.5
34.03
33.129999999999995
37.93
33.83
34.89
34.42
37.9
34.14
34.23
34.71
38.47
33.96
34.75
35.449999999999996
39.04
35.69
34.300000000000004
38.279999999999994
40.54
37.54
36.54
40.06
43.120000000000005
38.96
39.79
42.5
45.519999999999996
41.79
41.699999999999996
45.17
48.05
44.82
45.300000000000004
51.81
33.489999999999995
33.86
38.46
33.7
33.97
33.75
38.61
35.24
34.39
34.25
39.5
34.36
34.75
33.42
38.43
34.31
35.64
35.75
39.22
35.3
36.94
37.81
41.760000000000005
36.64
39.87
39.4
43.3
38.75
41.63
41.21
45.89
42.14
45.08
45.050000000000004
48.84
43.69
35.21
34.29
34.13
38.49
34.949999999999996
35.02
33.879999999999995
38.49
34.73
34.589999999999996
33.87
38.37
34.57
33.53
34.28
39.97
35.620000000000005
35.24
35.68
40.050000000000004
37.89
37.34
37.68
41.21
40.160000000000004
40.06
39.75
44.13
41.699999999999996
41.13
41.88
45.629999999999995
45.64
44.51
44.769999999999996
48.46
53.86
54.459999999999994
53.93
40.21
35.83
35.02
36.059999999999995
39.97
36.29
35.69
36.05
40.33
36.720000000000006
36.44
36.24
40.06
36.82
36.230000000000004
36.66
42.22
37.85
38.080000000000005
37.65
43.75
40.64
40.45
40.14
47.38
42.809999999999995
44.07
43.269999999999996
49.86
46.22
45.93
44.82
54.449999999999996
53.6
35.55
40.02
35.8
35.49
36.36
41.010000000000005
35.480000000000004
35.980000000000004
36.620000000000005
40.089999999999996
36.58
36.69
37.55
41.82
37.75
37.8
38.03
41.620000000000005
37.32
37.93
40.410000000000004
44.14
41.160000000000004
39.62
41.839999999999996
47.17
42.68
43.71
46.150000000000006
49.99
45.73
46.550000000000004
55.059999999999995
35.72
35.47
39.48
35.58
35.47
34.63
39.89
36.43
36.559999999999995
36.38
40.04
36.99
36.71
37.269999999999996
41.03
35.86
38.42
37.84
42.449999999999996
38.3
41.410000000000004
40.63
44.09
40.699999999999996
42.61
42.96
46.98
43.39
45.59
46.52
49.3
46.03
35.93
36.120000000000005
36.17
39.550000000000004
36.29
36.18
36.16
41.03
35.77
36.49
35.75
39.51
37.230000000000004
36.870000000000005
36.83
40.69
38.12
37.480000000000004
38.1
41.730000000000004
41.06
40.660000000000004
39.58
44.330000000000005
42.14
42.730000000000004
42.83
47.199999999999996
45.47
45.56
45.42
49.65
57.089999999999996
56.52
56.830000000000005
41.32
38.67
37.9
37.7
41.77
39.12
38.16
37.01
42.99
38.81
38.269999999999996
38.58
43.78
39.7
39.65
39.900000000000006
44.55
41.15
40.89
40.87
47.58
44.06
43.82
43.71
50.029999999999994
47.18
46.33
47.47
56.98
55.88999999999999
38.1
42.03
37.66
38.35
37.53
43.29
38.129999999999995
38.24
39.269999999999996
42.32
40.21
38.12
39.65
43.64
39.22
39.78
40.410000000000004
45.0
41.71
41.83
43.7
46.739999999999995
44.01
43.84
46.89
50.349999999999994
46.68
47.32
57.35
37.769999999999996
37.11
41.5
37.3
38.31
39.0
42.92
38.89
38.629999999999995
38.91
43.059999999999995
39.04
39.589999999999996
40.699999999999996
44.82
39.62
40.82
41.589999999999996
44.48
41.14
43.46
43.93
46.83
43.09
47.949999999999996
46.47
50.22
47.92
38.68
38.07
37.84
41.589999999999996
38.32
38.61
38.41
42.15
39.72
38.81
38.879999999999995
43.19
39.45
39.89
39.7
44.330000000000005
41.089999999999996
41.72
41.11
44.76
43.56
43.28
43.57
47.839999999999996
48.480000000000004
47.53
46.989999999999995
50.61
59.11
60.089999999999996
59.96
44.66
39.68
39.78
40.61
45.14
40.839999999999996
41.24
41.5
46.53
41.760000000000005
41.760000000000005
42.66
46.29
42.79
42.699999999999996
42.66
49.47
44.9
44.61
44.440000000000005
51.9
47.8
48.1
48.4
59.41
60.019999999999996
39.62
43.63
39.34
40.22
41.010000000000005
43.97
40.72
40.32
42.05
46.61
41.44
42.059999999999995
42.36
47.18
42.42
42.809999999999995
45.300000000000004
48.75
45.019999999999996
45.14
48.28
52.59
47.74
48.92
60.57
40.21
40.35
44.080000000000005
39.85
41.5
41.22
44.18
41.23
42.82
40.88
45.68
42.21
42.84
44.0
46.86
42.75
44.2
44.93
48.199999999999996
44.43
48.1
48.47
51.41
49.17
40.18
40.61
39.32
44.84
40.510000000000005
40.87
40.61
45.1
41.760000000000005
42.75
42.309999999999995
44.82
42.69
42.67
42.44
46.489999999999995
45.31
45.839999999999996
44.15
49.03
48.85
48.51
48.41
51.739999999999995
62.23
61.739999999999995
61.49
47.54
42.16
43.21
41.91
46.62
44.019999999999996
42.980000000000004
44.26
49.07
45.29
44.65
45.4
51.29
46.97
47.08
46.989999999999995
53.22
48.42
49.86
49.68
62.370000000000005
63.339999999999996
43.11
46.73
43.230000000000004
43.09
43.96
46.93
43.99
43.75
45.45
48.309999999999995
45.68
44.87
47.19
49.76
47.47
46.5
48.76
52.03
49.18
49.01
61.89
43.25
42.57
46.52
42.91
43.919999999999995
43.7
47.74
42.66
44.95
44.769999999999996
49.04
44.940000000000005
47.55
46.5
49.82
47.28
49.44
49.44
53.16
48.8
42.78
42.93
42.55
46.239999999999995
44.4
43.9
43.36
47.949999999999996
44.769999999999996
45.67
45.71
47.4
47.38
47.75
46.739999999999995
50.029999999999994
48.86
49.65
48.980000000000004
52.75
65.63
66.53999999999999
65.85
50.129999999999995
46.12
47.449999999999996
46.9
50.99
47.54
47.980000000000004
48.28
53.04
49.980000000000004
49.03
48.69
54.400000000000006
52.0
51.449999999999996
51.13999999999999
65.96
65.35
45.86
49.18
46.19
45.989999999999995
47.160000000000004
50.09
48.05
47.24
49.65
53.300000000000004
48.61
48.72
51.9
53.790000000000006
52.04
50.82
66.41
46.96
45.95
49.51
46.01
47.49
47.22
51.559999999999995
47.660000000000004
48.58
49.43
53.04
49.6
52.04
52.019999999999996
54.559999999999995
51.1
47.370000000000005
45.879999999999995
46.77
49.58
47.010000000000005
47.620000000000005
46.78
50.94
48.77
49.51
49.04
52.44
52.52
52.73
51.370000000000005
56.25
68.81
68.8
68.95
52.21
48.55
48.38
48.38
54.37
50.33
50.2
50.660000000000004
57.36
52.959999999999994
51.580000000000005
52.53
68.77
67.91
49.769999999999996
52.27
48.71
48.46
49.76
54.53
49.58
51.559999999999995
53.14
56.599999999999994
53.22
52.17
68.5
49.2
49.51
51.67
48.33
50.4
50.83
53.510000000000005
50.99
53.98
53.269999999999996
55.31
53.47
48.74
48.6
49.08
51.49
50.660000000000004
50.839999999999996
49.919999999999995
54.61
51.9
52.769999999999996
53.31
55.78999999999999
72.14
71.3
71.77
54.269999999999996
51.559999999999995
52.0
52.68000000000001
57.57
55.010000000000005
54.74
54.82
71.37
72.03
52.6
55.50000000000001
52.949999999999996
52.129999999999995
54.39000000000001
57.589999999999996
54.85
54.269999999999996
71.89999999999999
51.38
52.12
55.52
52.190000000000005
54.52
53.61
57.3
53.879999999999995
51.949999999999996
52.690000000000005
52.18000000000001
54.97
53.99
54.36
53.99
57.830000000000005
75.8
75.0
75.32
59.330000000000005
56.169999999999995
55.04
55.910000000000004
75.71
75.63
55.989999999999995
59.489999999999995
56.120000000000005
55.58
74.61
55.52
55.510000000000005
58.78
56.85
55.669999999999995
55.84
55.120000000000005
58.96
78.16
79.16
79.39
78.71000000000001
78.08
79.12
