40.4
43.2
42
30
23.5
25.6
25
32.3
24.2
29.1
26.7
32.3
28.4
26.8
30.5
31.1
27.6
30
28.7
32.2
26.8
26.4
32.6
33.5
27.4
30.3
28.4
33
29.8
30.9
33.5
37.4
31.6
31.2
32.7
39.2
34
36.6
36.3
42.3
36.7
36.3
36.6
43.8
39.1
38.7
37.2
44.5
40.2
41.5
42.4
46.8
46.6
45.7
33.2
27.8
29.5
28.3
36.4
34.6
30.9
29.2
36.2
31.8
32.3
30.2
34.3
28.1
29.7
30.4
35.4
30
29.9
31.7
36.8
33.3
31.9
33.1
36.4
33.9
33.8
34.6
40.5
33.1
33.6
34.1
39.6
40
36.5
38.1
44.6
40.9
37.4
39.5
50.5
41.4
43.7
43.1
48
48.8
50.3
37.6
33.3
30.6
32.4
37.3
31.1
34
33.2
36.5
32.6
32.3
30.7
35.7
35.5
33.2
31.9
36.6
31.4
33.3
29.7
39.3
33.7
35.2
33.2
38.3
35.6
38.2
35.4
41.5
38.4
39
38.5
45.1
39.4
43.4
43.4
47.5
43.3
45.6
43
52.1
51.9
50.1
38.4
35.6
33.1
34.2
41
32.8
35.3
34
37.7
34.6
32.7
32.7
39.1
35.6
33.5
35
38.7
37.4
36.2
34.4
39.4
37.3
35
35.1
44.5
40.7
38.9
38.6
44.1
38.9
43.1
42.3
48.3
45.1
43.7
46.3
54.4
53
52.5
41
34.8
35.9
37.2
39.6
34.3
37.4
35.4
40.1
35.9
36.7
35.8
39
36.4
36.1
37.5
43.8
37.6
37.8
37.2
42.5
39
43.5
41.9
48.6
43
42.5
44.1
52
47
43.8
45.1
57.5
58.1
56.2
43.3
35.1
38.6
38.4
41.3
36.6
36.8
37.7
47.6
39.7
36
39
44.7
40.7
38.4
40.7
44.3
39.3
42.2
41.6
49
43
44.8
43.5
51.5
47.2
47.5
45
60.8
61
62
44.6
40.2
40.5
41.3
46.2
41.5
42.3
41.8
45
42
41.4
39.3
47.6
40.6
42.4
45.9
50.2
44.6
47
47.6
51.2
48.6
47.3
47
60.4
63
63.9
45.4
43.4
45.4
43.8
46
44.4
42.1
41.9
48
44.6
47.3
46.7
49.5
46.4
45.8
43.9
54.6
47.7
50.5
52.7
66.1
66.1
65.5
50.4
45.2
44.7
48.2
49.8
49
48.9
46.9
51.8
49.8
48.6
48.5
56.7
52
54.6
54.1
71.6
67.6
66.1
50.3
48.9
52.4
49.8
53.4
55.4
49.3
52
55.8
52.4
49.8
52.8
69.3
71.2
70.9
56.2
55.5
54.5
51.3
56.4
52.9
52.5
54.7
75
73.4
77.4
58.5
55.8
51.3
53.9
80.6
80.1
80.5
